r 1 116 1
r 2 102 1
r 3 67 1
r 4 104 1
r 5 116 2
r 6 116 3
r 7 116 4
r 8 116 5
r 9 116 6
r 10 116 7
r 11 116 8
r 12 116 9
r 13 116 10
r 14 116 11
r 15 109 1
r 16 44 16
r 17 99 1
r 18 99 2
r 19 105 1
r 20 105 2
r 21 114 1
r 22 74 1
r 23 74 2
r 24 107 1
r 25 107 2
r 26 119 1
r 27 101 1
r 28 82 1
r 29 67 2
r 30 97 1
r 31 98 1
r 32 44 17
r 33 105 3
r 34 99 3
r 35 112 1
r 36 112 2
r 37 112 3
r 38 112 4
r 39 44 18
r 40 106 1
r 41 82 2
r 42 97 2
r 43 82 3
r 44 72 1
r 45 121 1
r 46 67 3
r 47 67 4
r 48 119 2
r 49 74 3
r 50 83 1
r 51 102 2
r 52 104 2
r 53 106 2
r 54 71 1
r 55 99 4
r 56 108 1
r 57 110 1
r 58 44 19
r 59 106 3
r 60 106 4
r 61 104 3
r 62 97 3
r 63 109 2
r 64 99 5
r 65 119 3
r 66 119 4
r 67 101 2
r 68 82 4
r 69 112 5
r 70 112 6
r 71 106 5
r 72 36 16
r 73 114 2
r 74 119 5
r 75 74 4
r 76 104 4
r 77 112 7
r 78 110 2
r 79 106 6
r 80 71 2
r 81 106 7
r 82 107 3
r 83 115 1
r 84 105 4
r 85 101 3
r 86 119 6
r 87 74 5
r 88 44 20
r 89 112 8
r 90 112 9
r 91 112 10
r 92 109 3
r 93 98 2
r 94 107 4
r 95 36 17
r 96 111 1
r 97 74 6
r 98 111 2
r 99 83 2
r 100 117 1
r 101 101 4
r 102 110 3
r 103 106 8
r 104 82 5
r 105 105 5
r 106 122 1
r 107 71 3
r 108 104 5
r 109 82 6
r 110 107 5
r 111 112 11
r 112 111 3
r 113 121 2
r 114 112 12
r 115 82 7
r 116 109 4
r 117 115 2
r 118 112 13
r 119 117 2
r 120 111 4
r 121 112 14
r 122 89 1
r 123 105 6
r 124 114 3
r 125 72 2
r 126 111 5
r 127 100 1
r 128 100 2
r 129 100 3
r 130 100 4
r 131 100 5
r 132 97 4
r 133 112 15
r 134 74 7
r 135 83 3
r 136 104 6
r 137 121 3
r 138 104 7
r 139 44 21
r 140 111 6
r 141 83 4
r 142 109 5
r 143 109 6
r 144 100 6
r 145 117 3
r 146 36 18
r 147 67 5
r 148 73 1
r 149 102 3
r 150 112 16
r 151 100 7
r 152 72 3
r 153 122 2
r 154 104 8
r 155 74 8
r 156 67 6
r 157 106 9
r 158 119 7
r 159 111 7
r 160 121 4
r 161 112 17
r 162 104 9
r 163 69 1
r 164 115 3
r 165 122 3
r 166 102 4
r 167 71 4
r 168 112 18
r 169 99 6
r 170 106 10
r 171 83 5
r 172 75 1
r 173 121 5
r 174 79 1
r 175 36 19
r 176 112 19
r 177 112 20
r 178 111 8
r 179 106 11
r 180 73 2
r 181 111 9
r 182 70 1
r 183 105 7
r 184 80 1
r 185 103 1
r 186 67 7
r 187 108 2
r 188 46 16
r 189 114 4
r 190 79 2
r 191 44 22
r 192 110 4
r 193 90 1
r 194 90 2
r 195 111 10
r 196 83 6
r 197 99 7
r 198 83 7
r 199 80 2
r 200 72 4
r 201 117 4
r 202 104 10
r 203 90 3
r 204 103 2
r 205 88 1
r 206 111 11
r 207 106 12
r 208 70 2
r 209 80 3
r 210 73 3
r 211 112 21
r 212 117 5
r 213 117 6
r 214 84 1
r 215 104 11
r 216 77 1
r 217 69 2
r 218 83 8
r 219 69 3
r 220 69 4
r 221 90 4
r 222 90 5
r 223 90 6
r 224 33 16
r 225 67 8
r 226 111 12
r 227 111 13
r 228 111 14
r 229 44 23
r 230 80 4
r 231 70 3
r 232 103 3
r 233 109 7
r 234 70 4
r 235 111 15
r 236 83 9
r 237 77 2
r 238 90 7
r 239 90 8
r 240 102 5
r 241 90 9
r 242 72 5
r 243 81 1
r 244 89 2
r 245 67 9
r 246 104 12
r 247 80 5
r 248 111 16
r 249 111 17
r 250 98 3
r 251 63 16
r 252 118 1
r 253 118 2
r 254 118 3
r 255 118 4
r 256 122 4
r 257 75 2
r 258 103 4
r 259 83 10
r 260 106 13
r 261 112 22
r 262 111 18
r 263 112 23
r 264 98 4
r 265 75 3
r 266 70 5
r 267 87 1
r 268 104 13
r 269 104 14
r 270 77 3
r 271 122 5
r 272 98 5
r 273 112 24
r 274 112 25
r 275 71 5
r 276 103 5
r 277 104 15
r 278 84 2
r 279 84 3
r 280 119 8
r 281 99 8
r 282 75 4
r 283 97 5
r 284 112 26
r 285 102 6
r 286 83 11
r 287 79 3
r 288 87 2
r 289 65 1
r 290 104 16
r 291 75 5
r 292 36 20
r 293 84 4
r 294 90 10
r 295 90 11
r 296 79 4
r 297 79 5
r 298 86 1
r 299 72 6
r 300 103 6
r 301 110 5
r 302 77 4
r 303 112 27
r 304 112 28
r 305 112 29
r 306 104 17
r 307 117 7
r 308 82 8
r 309 84 5
r 310 119 9
r 311 65 2
r 312 113 1
r 313 61 16
r 314 100 8
r 315 100 9
r 316 100 10
r 317 100 11
r 318 103 7
r 319 100 12
r 320 115 4
r 321 72 7
r 322 97 6
r 323 97 7
r 324 87 3
r 325 75 6
r 326 71 6
r 327 75 7
r 328 79 6
r 329 81 2
r 330 83 12
r 331 112 30
r 332 44 24
r 333 80 6
r 334 84 6
r 335 84 7
r 336 112 31
r 337 87 4
r 338 115 5
r 339 100 13
r 340 100 14
r 341 100 15
r 342 100 16
r 343 84 8
r 344 84 9
r 345 84 10
r 346 71 7
r 347 71 8
r 348 84 11
r 349 69 5
r 350 65 3
r 351 69 6
r 352 69 7
r 353 99 9
r 354 112 32
r 355 112 33
r 356 76 1
r 357 86 2
r 358 83 13
r 359 69 8
r 360 69 9
r 361 67 10
r 362 103 8
r 363 84 12
r 364 112 34
r 365 90 12
r 366 106 14
r 367 90 13
r 368 90 14
r 369 71 9
r 370 69 10
r 371 69 11
r 372 100 17
r 373 113 2
r 374 97 8
r 375 100 18
r 376 88 2
r 377 71 10
r 378 71 11
r 379 87 5
r 380 100 19
r 381 103 9
r 382 100 20
r 383 84 13
r 384 100 21
r 385 100 22
r 386 100 23
r 387 100 24
r 388 46 17
r 389 117 8
r 390 69 12
r 391 112 35
r 392 112 36
r 393 112 37
r 394 122 6
r 395 97 9
r 396 69 13
r 397 69 14
r 398 106 15
r 399 75 8
r 400 118 5
r 401 118 6
r 402 100 25
r 403 100 26
r 404 100 27
r 405 100 28
r 406 100 29
r 407 112 38
r 408 112 39
r 409 118 7
r 410 118 8
r 411 68 1
r 412 68 2
r 413 101 5
r 414 87 6
r 415 65 4
r 416 69 15
r 417 87 7
r 418 85 1
r 419 87 8
r 420 84 14
r 421 84 15
r 422 69 16
r 423 100 30
r 424 68 3
r 425 68 4
r 426 77 5
r 427 113 3
r 428 86 3
r 429 68 5
r 430 119 10
r 431 81 3
r 432 71 12
r 433 80 7
r 434 77 6
r 435 112 40
r 436 112 41
r 437 112 42
r 438 88 3
r 439 66 1
r 440 87 9
r 441 72 8
r 442 110 6
r 443 68 6
r 444 68 7
r 445 68 8
r 446 68 9
r 447 85 2
r 448 117 9
r 449 87 10
r 450 104 18
r 451 76 2
r 452 85 3
r 453 87 11
r 454 112 43
r 455 65 5
r 456 85 4
r 457 87 12
r 458 85 5
r 459 101 6
r 460 71 13
r 461 113 4
r 462 68 10
r 463 68 11
r 464 87 13
r 465 85 6
r 466 69 17
r 467 85 7
r 468 69 18
r 469 77 7
r 470 112 44
r 471 71 14
r 472 103 10
r 473 68 12
r 474 87 14
r 475 68 13
r 476 68 14
r 477 80 8
r 478 68 15
r 479 109 8
r 480 68 16
r 481 68 17
r 482 112 45
r 483 85 8
r 484 87 15
r 485 90 15
r 486 90 16
r 487 90 17
r 488 81 4
r 489 68 18
r 490 72 9
r 491 112 46
r 492 87 16
r 493 112 47
r 494 87 17
r 495 90 18
r 496 68 19
r 497 66 2
r 498 87 18
r 499 115 6
r 500 115 7
r 501 115 8
r 502 118 9
r 503 118 10
r 504 77 8
r 505 86 4
r 506 68 20
r 507 81 5
r 508 104 19
r 509 65 6
r 510 65 7
r 511 68 21
r 512 87 19
r 513 65 8
r 514 112 48
r 515 71 15
r 516 102 7
r 517 72 10
r 518 90 19
r 519 68 22
r 520 68 23
r 521 68 24
r 522 71 16
r 523 68 25
r 524 76 3
r 525 81 6
r 526 81 7
r 527 81 8
r 528 76 4
r 529 101 7
r 530 83 14
r 531 90 20
r 532 112 49
r 533 81 9
r 534 81 10
r 535 87 20
r 536 85 9
r 537 67 11
r 538 115 9
r 539 82 9
r 540 85 10
r 541 67 12
r 542 76 5
r 543 67 13
r 544 67 14
r 545 85 11
r 546 112 50
r 547 80 9
r 548 114 5
r 549 106 16
r 550 98 6
r 551 97 10
r 552 83 15
r 553 98 7
r 554 109 9
r 555 100 31
r 556 126 16
r 557 76 6
r 558 76 7
r 559 66 3
r 560 66 4
r 561 66 5
r 562 66 6
r 563 113 5
r 564 113 6
r 565 113 7
r 566 113 8
r 567 85 12
r 568 85 13
r 569 85 14
r 570 85 15
r 571 85 16
r 572 85 17
r 573 85 18
r 574 100 32
r 575 100 33
r 576 68 26
r 577 68 27
r 578 68 28
r 579 68 29
r 580 112 51
r 581 112 52
r 582 112 53
r 583 112 54
r 584 80 10
r 585 80 11
r 586 80 12
r 587 80 13
r 588 101 8
r 589 101 9
r 590 101 10
r 591 101 11
r 592 73 4
r 593 73 5
r 594 104 20
r 595 104 21
r 596 86 5
r 597 103 11
r 598 66 7
r 599 122 7
r 600 122 8
r 601 82 10
r 602 83 16
r 603 83 17
r 604 107 6
r 605 98 8
r 606 98 9
r 607 67 15
r 608 103 12
r 609 103 13
r 610 79 7
r 611 112 55
r 612 84 16
r 613 118 11
r 614 118 12
r 615 122 9
r 616 90 21
